1 0.11603139013452915 0.12198391420911528 0.04820627802690583 0.0938337801608579
1 0.44562780269058294 0.19571045576407506 0.04596412556053812 0.11796246648793565
1 0.9738228699551569 0.07104557640750671 0.03325112107623328 0.14209115281501342
1 0.9281614349775784 0.07764075067024129 0.05608744394618831 0.1445308310991957
1 0.8315582959641256 0.09201072386058981 0.030829596412556053 0.10018766756032169
1 0.8710986547085201 0.0786058981233244 0.04793721973094169 0.14648793565683646
1 0.757365470852018 0.12466487935656836 0.032466367713004526 0.05825737265415551
1 0.7992488789237667 0.10053619302949061 0.03673766816143496 0.08310991957104558
1 0.3386210762331839 0.14804289544235924 0.15910313901345288 0.08552278820375336
1 0.5093273542600897 0.1546112600536193 0.07857623318385654 0.14254691689008042
1 0.05216367713004484 0.12686327077747991 0.08150224215246636 0.0967560321715818
1 0.19829596412556053 0.13683646112600537 0.11693946188340808 0.053378016085790875