0 0.07888198757763976 0.06932153392330384 0.13788819875776398 0.13864306784660768
0 0.3484472049689441 0.11061946902654868 0.14037267080745341 0.22123893805309736
0 0.5049689440993789 0.17994100294985252 0.03850931677018633 0.058997050147492625
1 0.25900621118012424 0.0855457227138643 0.115527950310559 0.1710914454277286
1 0.4186335403726708 0.140117994100295 0.0422360248447205 0.168141592920354
1 0.5422360248447204 0.11209439528023599 0.06086956521739131 0.1710914454277286
1 0.7124223602484472 0.1696165191740413 0.02111801242236025 0.09734513274336283
1 0.7633540372670807 0.1710914454277286 0.03354037267080745 0.11209439528023599
1 0.6888198757763975 0.13126843657817108 0.02608695652173913 0.11504424778761062
1 0.631055900621118 0.10619469026548672 0.1267080745341615 0.21238938053097345
1 0.16459627329192547 0.04129793510324484 0.04596273291925466 0.08259587020648967
1 0.9378012422360248 0.10286135693215338 0.10084472049689448 0.16634218289085545
1 0.8471180124223602 0.1252212389380531 0.08016149068322978 0.12554572271386433