1 0.11603139013452915 0.12198391420911528 0.04820627802690583 0.0938337801608579
1 0.44562780269058294 0.19571045576407506 0.04596412556053812 0.11796246648793565
1 0.9738228699551569 0.07104557640750671 0.03288116591928268 0.14209115281501342
1 0.9281614349775784 0.07764075067024129 0.056070627802690697 0.1446514745308311
1 0.8315582959641256 0.09201072386058981 0.031109865470852018 0.09969168900804286
1 0.8710986547085201 0.0786058981233244 0.04751121076233196 0.14697050938337802
1 0.757365470852018 0.12466487935656836 0.03248878923766818 0.057278820375335146
1 0.7992488789237667 0.10053619302949061 0.03630605381165918 0.08310991957104558
1 0.3386210762331839 0.14804289544235924 0.15914798206278022 0.085656836461126
1 0.5093273542600897 0.1546112600536193 0.07852578475336318 0.14231903485254693
1 0.05216367713004484 0.12686327077747991 0.08167040358744394 0.09663538873994637
1 0.19829596412556053 0.13683646112600537 0.11676569506726456 0.053498659517426266